This folder: /home/daniella/new-proj-html

  File: ./Untitled Document
  Size: 0         	Blocks: 0          IO Block: 4096   regular empty file
Device: 8,38	Inode: 9255708     Links: 1
Access: (0664/-rw-rw-r--)  Uid: ( 1000/daniella)   Gid: ( 1000/daniella)
Access: 2023-10-14 01:53:30.982385584 -0300
Modify: 2023-10-14 01:53:30.982385584 -0300
Change: 2023-10-14 01:53:30.982385584 -0300
 Birth: 2023-10-14 01:53:30.982385584 -0300
IPFS hash: QmbFMke1KXqnYyBBWxB74N4c5SBnJMVAiMNRcGu6x1AwQH
------------------------------