This folder: /home/daniella/new-proj-html

  File: ./index.html
  Size: 0         	Blocks: 0          IO Block: 4096   regular empty file
Device: 8,38	Inode: 9255708     Links: 1
Access: (0664/-rw-rw-r--)  Uid: ( 1000/daniella)   Gid: ( 1000/daniella)
Access: 2023-10-14 01:53:36.694204992 -0300
Modify: 2023-10-14 01:53:30.982385584 -0300
Change: 2023-10-14 01:54:25.780673072 -0300
 Birth: 2023-10-14 01:53:30.982385584 -0300
IPFS hash: QmbFMke1KXqnYyBBWxB74N4c5SBnJMVAiMNRcGu6x1AwQH
------------------------------
  File: ./thumbnail.jpg
  Size: 796984    	Blocks: 1560       IO Block: 4096   regular file
Device: 8,38	Inode: 9255664     Links: 1
Access: (0777/-rwxrwxrwx)  Uid: ( 1000/daniella)   Gid: ( 1000/daniella)
Access: 2023-10-14 01:54:11.241123180 -0300
Modify: 2023-10-01 14:49:31.093261200 -0300
Change: 2023-10-14 01:54:30.724520700 -0300
 Birth: 2023-10-14 01:54:10.669140950 -0300
IPFS hash: QmNpxQzLr2MJZjwTuEMjpPjtzgffiG33VwKgGgF2MLdJDG
------------------------------